107
4846       0.00000000 0.00452900 0.00453143 0.00455670 0.00041011 0.00029157 0.00042251 0.00043900 0.00048839 0.00052935 0.00038561 0.00035273 0.00046741 0.00044720 0.00044706 0.00036505 0.00577767 0.00571315 0.00042270 0.00597550 0.00616991 0.00621120 0.00607200 0.00578531 0.00432371 0.00340326 0.00341577 0.00339523 0.00351923 0.00334396 0.00057881 0.00448987 0.00535103 0.00514092 0.00534631 0.00525658 0.00503257 0.00524625 0.00527565 0.00557201 0.00568049 0.00572027 0.00586513 0.00584772 0.00528253 0.00522156 0.00535169 0.00496305 0.00522958 0.00523925 0.00524943 0.00521758 0.00505905 0.00519034 0.00510547 0.00520110 0.00521812 0.00503685 0.00535820 0.00532408 0.00535989 0.00531587 0.00513159 0.00511229 0.00518189 0.00513659 0.00520089 0.00508577 0.00516346 0.00498290 0.00510425 0.00520889 0.00526833 0.00531616 0.00523254 0.00518191 0.00512247 0.00510350 0.00526291 0.00510936 0.00512915 0.00036942 0.00046357 0.00043890 0.00038581 0.00051134 0.00053801 0.00032438 0.00045951 0.00519152 0.00609337 0.00582730 0.00581015 0.00621964 0.00509560 0.00522173 0.00511285 0.00527877 0.00529028 0.00484148 0.00521842 0.00515759 0.00496770 0.00520592 0.00505187 0.00473625 0.00571948 
5307       0.00452900 0.00000000 0.00046392 0.00037803 0.00453909 0.00453171 0.00466503 0.00464347 0.00444099 0.00448746 0.00449010 0.00445749 0.00444006 0.00432579 0.00455767 0.00452507 0.00518176 0.00514538 0.00434189 0.00578986 0.00597050 0.00610891 0.00587477 0.00568577 0.00043249 0.00492201 0.00498623 0.00500620 0.00505164 0.00484218 0.00463428 0.00045963 0.00461153 0.00445829 0.00461110 0.00453909 0.00439843 0.00453728 0.00456171 0.00490927 0.00503616 0.00515180 0.00526270 0.00525447 0.00457776 0.00457103 0.00464002 0.00433422 0.00455411 0.00454416 0.00450665 0.00448430 0.00432225 0.00446362 0.00438837 0.00446322 0.00445375 0.00435019 0.00461416 0.00458986 0.00459712 0.00458328 0.00442351 0.00440461 0.00447270 0.00437976 0.00447317 0.00436436 0.00442651 0.00424481 0.00436341 0.00448914 0.00455790 0.00456116 0.00449841 0.00446722 0.00441490 0.00437739 0.00451724 0.00437806 0.00440177 0.00454740 0.00451714 0.00454681 0.00459738 0.00404178 0.00453048 0.00448752 0.00447270 0.00445426 0.00595206 0.00525947 0.00523119 0.00604414 0.00436928 0.00447787 0.00442012 0.00456214 0.00456534 0.00422234 0.00452311 0.00442577 0.00424267 0.00450582 0.00437133 0.00418502 0.00502635 
5311       0.00453143 0.00046392 0.00000000 0.00040217 0.00456115 0.00451615 0.00463596 0.00462301 0.00444467 0.00448558 0.00448016 0.00447101 0.00443511 0.00434348 0.00456525 0.00452386 0.00520939 0.00515875 0.00434985 0.00581346 0.00602366 0.00616297 0.00593762 0.00572771 0.00036623 0.00499898 0.00505805 0.00505416 0.00510958 0.00491782 0.00462324 0.00035745 0.00461106 0.00447700 0.00466399 0.00455855 0.00444239 0.00455621 0.00459026 0.00495718 0.00511435 0.00516544 0.00528624 0.00527267 0.00462169 0.00461056 0.00468406 0.00436260 0.00459342 0.00458294 0.00456486 0.00455252 0.00437134 0.00452594 0.00442300 0.00451275 0.00448779 0.00439330 0.00465679 0.00463449 0.00463992 0.00460182 0.00450503 0.00447179 0.00454413 0.00442908 0.00450737 0.00439425 0.00446103 0.00427900 0.00440719 0.00450992 0.00461127 0.00459559 0.00455216 0.00448731 0.00445422 0.00441184 0.00456411 0.00441303 0.00444920 0.00455583 0.00454871 0.00455019 0.00459074 0.00407330 0.00451989 0.00446736 0.00447178 0.00454028 0.00602908 0.00527785 0.00524076 0.00607261 0.00440421 0.00450827 0.00444490 0.00461563 0.00462812 0.00426248 0.00456810 0.00447427 0.00429201 0.00453962 0.00440074 0.00418914 0.00510881 
5317       0.00455670 0.00037803 0.00040217 0.00000000 0.00456180 0.00452134 0.00466509 0.00464762 0.00445980 0.00448553 0.00450499 0.00446172 0.00445457 0.00435835 0.00459954 0.00451468 0.00513304 0.00506310 0.00437940 0.00581899 0.00601557 0.00616414 0.00588987 0.00572170 0.00038293 0.00495726 0.00499215 0.00501786 0.00507337 0.00486242 0.00465802 0.00039843 0.00454487 0.00442467 0.00458769 0.00448187 0.00437908 0.00451328 0.00453851 0.00487131 0.00506738 0.00506489 0.00518068 0.00517145 0.00459422 0.00458288 0.00465257 0.00434203 0.00456607 0.00455590 0.00451899 0.00449729 0.00433518 0.00447086 0.00438205 0.00445734 0.00443500 0.00432219 0.00459504 0.00456658 0.00458270 0.00454458 0.00447042 0.00443213 0.00450957 0.00438846 0.00445720 0.00434853 0.00442043 0.00422897 0.00436657 0.00447377 0.00456087 0.00455406 0.00449641 0.00445084 0.00439904 0.00436655 0.00451209 0.00436715 0.00438363 0.00455639 0.00454526 0.00456582 0.00462014 0.00406460 0.00452484 0.00449680 0.00448185 0.00449593 0.00599071 0.00517262 0.00513962 0.00606337 0.00435803 0.00446726 0.00439917 0.00456958 0.00458243 0.00419323 0.00453134 0.00441014 0.00423731 0.00450303 0.00435455 0.00415803 0.00504787 
5447-8     0.00041011 0.00453909 0.00456115 0.00456180 0.00000000 0.00033613 0.00049657 0.00049631 0.00054141 0.00056622 0.00034061 0.00033635 0.00051253 0.00049628 0.00050022 0.00032822 0.00577311 0.00570856 0.00046746 0.00601883 0.00622867 0.00628629 0.00614653 0.00583492 0.00436816 0.00345419 0.00347487 0.00345495 0.00353257 0.00340288 0.00068215 0.00450897 0.00537741 0.00517568 0.00538082 0.00528699 0.00505759 0.00527672 0.00531162 0.00562274 0.00572515 0.00571050 0.00588049 0.00586295 0.00535190 0.00527745 0.00542633 0.00503655 0.00528009 0.00530455 0.00528549 0.00527231 0.00511516 0.00523546 0.00515052 0.00525660 0.00525360 0.00502894 0.00538380 0.00537946 0.00539010 0.00535550 0.00522112 0.00519179 0.00527088 0.00520041 0.00527525 0.00514997 0.00522832 0.00502787 0.00516338 0.00527311 0.00535266 0.00537584 0.00530622 0.00526056 0.00517716 0.00515837 0.00529764 0.00517349 0.00514908 0.00037719 0.00045500 0.00039777 0.00042233 0.00056880 0.00065735 0.00035284 0.00053736 0.00527613 0.00616236 0.00582692 0.00580985 0.00628981 0.00516016 0.00527663 0.00517288 0.00535319 0.00534544 0.00493468 0.00526890 0.00520748 0.00503131 0.00527958 0.00511613 0.00484438 0.00575823 
5565       0.00029157 0.00453171 0.00451615 0.00452134 0.00033613 0.00000000 0.00036512 0.00045093 0.00047981 0.00049653 0.00031185 0.00036095 0.00042657 0.00041419 0.00040186 0.00031594 0.00578161 0.00572654 0.00041031 0.00602695 0.00624189 0.00628946 0.00614584 0.00582363 0.00434116 0.00344164 0.00343875 0.00344634 0.00352019 0.00334889 0.00063230 0.00447366 0.00533055 0.00513001 0.00533479 0.00522131 0.00500678 0.00522106 0.00525506 0.00551565 0.00570212 0.00571878 0.00588900 0.00587196 0.00533973 0.00523467 0.00538913 0.00498039 0.00524730 0.00526266 0.00525826 0.00523985 0.00508745 0.00520347 0.00510450 0.00520527 0.00520776 0.00500156 0.00534278 0.00532350 0.00533891 0.00530526 0.00516557 0.00512648 0.00523002 0.00515435 0.00521470 0.00510437 0.00519207 0.00497699 0.00512220 0.00521708 0.00532082 0.00531013 0.00525995 0.00521452 0.00511612 0.00511202 0.00524604 0.00511259 0.00507346 0.00033665 0.00045948 0.00039789 0.00036076 0.00047820 0.00052952 0.00033244 0.00047173 0.00523056 0.00615096 0.00583107 0.00581878 0.00625801 0.00510446 0.00521612 0.00511719 0.00531091 0.00532281 0.00488817 0.00522733 0.00517149 0.00495648 0.00522384 0.00506440 0.00480300 0.00572441 
6836       0.00042251 0.00466503 0.00463596 0.00466509 0.00049657 0.00036512 0.00000000 0.00023481 0.00054619 0.00055452 0.00041878 0.00038996 0.00055883 0.00054680 0.00034904 0.00036925 0.00587795 0.00581209 0.00046388 0.00600904 0.00622937 0.00629148 0.00616221 0.00585358 0.00446829 0.00350979 0.00351720 0.00350589 0.00357530 0.00345871 0.00070388 0.00460265 0.00544003 0.00522379 0.00546896 0.00532068 0.00507567 0.00531007 0.00538474 0.00564204 0.00581861 0.00582327 0.00596479 0.00594739 0.00542747 0.00533170 0.00550607 0.00508546 0.00536372 0.00536961 0.00539411 0.00535680 0.00522232 0.00532424 0.00520961 0.00531113 0.00532656 0.00511460 0.00544781 0.00540720 0.00545900 0.00540496 0.00528118 0.00525648 0.00533143 0.00525031 0.00531622 0.00519525 0.00528752 0.00507735 0.00522808 0.00530378 0.00541691 0.00540621 0.00534716 0.00530615 0.00523220 0.00523265 0.00535609 0.00523341 0.00521109 0.00045974 0.00048889 0.00025525 0.00028778 0.00051615 0.00050058 0.00041055 0.00048833 0.00534164 0.00617617 0.00592116 0.00590402 0.00627434 0.00522478 0.00533703 0.00523210 0.00543699 0.00542479 0.00502652 0.00535759 0.00527219 0.00508641 0.00532077 0.00516048 0.00492809 0.00585137 
6948       0.00043900 0.00464347 0.00462301 0.00464762 0.00049631 0.00045093 0.00023481 0.00000000 0.00064493 0.00054598 0.00040597 0.00041423 0.00055006 0.00055855 0.00037736 0.00042199 0.00587194 0.00582128 0.00050473 0.00607003 0.00625684 0.00630824 0.00619347 0.00585080 0.00443787 0.00343075 0.00343788 0.00342204 0.00352837 0.00337905 0.00064141 0.00458966 0.00541465 0.00518448 0.00542959 0.00529011 0.00507128 0.00530439 0.00535415 0.00560080 0.00577388 0.00580357 0.00595461 0.00594676 0.00540068 0.00531453 0.00545476 0.00505898 0.00531748 0.00535200 0.00535239 0.00531997 0.00517973 0.00527867 0.00516354 0.00527493 0.00526710 0.00507588 0.00542111 0.00539731 0.00544297 0.00537979 0.00523806 0.00521881 0.00529887 0.00522354 0.00527448 0.00516892 0.00524113 0.00505077 0.00519191 0.00528177 0.00536557 0.00536984 0.00532031 0.00527932 0.00519577 0.00518678 0.00532100 0.00518278 0.00516696 0.00043473 0.00045132 0.00024682 0.00029179 0.00060676 0.00060335 0.00047173 0.00049648 0.00531463 0.00616790 0.00591162 0.00590468 0.00630058 0.00516409 0.00530997 0.00519117 0.00538132 0.00538825 0.00498045 0.00531151 0.00523088 0.00504947 0.00528888 0.00515382 0.00489421 0.00580187 
7161       0.00048839 0.00444099 0.00444467 0.00445980 0.00054141 0.00047981 0.00054619 0.00064493 0.00000000 0.00033263 0.00045089 0.00046773 0.00032009 0.00032448 0.00046792 0.00047578 0.00566782 0.00563215 0.00026294 0.00590677 0.00613531 0.00618323 0.00602869 0.00574338 0.00426597 0.00330784 0.00331005 0.00331278 0.00341362 0.00327043 0.00043895 0.00440289 0.00528169 0.00506640 0.00529150 0.00517291 0.00496404 0.00517709 0.00522561 0.00549811 0.00566881 0.00563553 0.00578467 0.00577244 0.00527268 0.00517275 0.00533146 0.00494715 0.00519470 0.00520990 0.00520986 0.00518225 0.00504869 0.00514624 0.00505669 0.00515198 0.00517380 0.00496430 0.00528896 0.00528414 0.00528420 0.00523698 0.00508305 0.00504417 0.00511813 0.00510132 0.00515695 0.00505171 0.00512883 0.00491494 0.00505943 0.00515426 0.00525732 0.00525691 0.00518280 0.00514662 0.00506418 0.00505012 0.00518833 0.00506499 0.00505008 0.00054591 0.00064541 0.00050900 0.00050459 0.00028904 0.00036539 0.00043846 0.00034488 0.00514801 0.00605366 0.00573173 0.00571884 0.00615102 0.00505665 0.00517275 0.00506426 0.00525766 0.00526008 0.00483929 0.00516892 0.00511353 0.00492260 0.00516094 0.00501204 0.00473521 0.00568126 
7256       0.00052935 0.00448746 0.00448558 0.00448553 0.00056622 0.00049653 0.00055452 0.00054598 0.00033263 0.00000000 0.00050467 0.00046781 0.00031206 0.00034493 0.00046360 0.00045942 0.00569685 0.00565116 0.00031203 0.00598781 0.00623749 0.00627415 0.00610063 0.00581289 0.00430128 0.00336239 0.00335054 0.00335867 0.00345913 0.00331088 0.00046758 0.00445375 0.00525599 0.00505588 0.00529496 0.00515616 0.00497599 0.00514571 0.00518525 0.00550172 0.00560284 0.00565769 0.00582288 0.00578054 0.00525059 0.00519538 0.00533966 0.00495949 0.00518365 0.00520733 0.00519329 0.00517114 0.00504673 0.00513999 0.00507367 0.00515925 0.00514793 0.00495219 0.00526215 0.00527762 0.00528430 0.00522534 0.00508852 0.00505012 0.00512998 0.00508921 0.00517409 0.00504842 0.00512222 0.00491177 0.00506656 0.00514675 0.00523099 0.00524478 0.00518512 0.00513957 0.00510028 0.00506155 0.00519236 0.00507208 0.00503732 0.00052108 0.00064109 0.00048842 0.00054184 0.00039994 0.00033260 0.00045950 0.00038171 0.00513475 0.00609550 0.00576538 0.00574353 0.00620313 0.00507336 0.00519425 0.00509504 0.00525701 0.00525810 0.00487782 0.00517187 0.00513095 0.00496365 0.00517864 0.00502472 0.00478132 0.00564123 
7604       0.00038561 0.00449010 0.00448016 0.00450499 0.00034061 0.00031185 0.00041878 0.00040597 0.00045089 0.00050467 0.00000000 0.00031588 0.00042666 0.00041413 0.00046335 0.00032414 0.00574061 0.00567578 0.00038987 0.00594218 0.00615682 0.00621934 0.00605991 0.00576294 0.00433036 0.00330341 0.00331012 0.00330863 0.00338652 0.00324808 0.00053357 0.00446149 0.00530923 0.00508960 0.00531777 0.00520974 0.00497605 0.00518053 0.00522825 0.00553078 0.00568076 0.00567247 0.00583736 0.00581112 0.00531367 0.00522386 0.00535351 0.00497879 0.00523562 0.00525524 0.00524629 0.00522345 0.00505605 0.00518644 0.00509679 0.00520734 0.00515704 0.00497507 0.00530601 0.00530643 0.00532193 0.00525450 0.00514281 0.00510464 0.00517898 0.00513160 0.00518791 0.00507790 0.00516019 0.00495035 0.00509541 0.00518536 0.00528866 0.00528785 0.00522344 0.00518260 0.00510435 0.00509066 0.00520077 0.00509606 0.00508650 0.00038561 0.00044297 0.00038959 0.00043462 0.00051546 0.00049666 0.00025093 0.00039808 0.00520341 0.00607589 0.00579525 0.00578227 0.00619741 0.00508742 0.00521811 0.00511481 0.00529911 0.00529635 0.00487120 0.00521488 0.00514883 0.00496356 0.00519183 0.00503813 0.00473412 0.00569898 
7629       0.00035273 0.00445749 0.00447101 0.00446172 0.00033635 0.00036095 0.00038996 0.00041423 0.00046773 0.00046781 0.00031588 0.00000000 0.00043479 0.00043481 0.00044714 0.00035670 0.00563534 0.00560450 0.00039795 0.00593475 0.00613530 0.00618193 0.00604365 0.00573702 0.00428743 0.00339000 0.00340189 0.00341864 0.00348716 0.00334370 0.00064107 0.00442861 0.00527983 0.00507452 0.00528901 0.00516581 0.00491229 0.00517015 0.00521921 0.00548574 0.00566130 0.00560665 0.00575144 0.00575423 0.00521108 0.00514110 0.00525991 0.00490114 0.00515332 0.00516314 0.00514388 0.00512106 0.00496400 0.00508947 0.00500474 0.00511010 0.00514266 0.00492621 0.00527098 0.00527219 0.00528825 0.00523488 0.00515726 0.00511850 0.00520291 0.00505425 0.00511981 0.00499478 0.00509642 0.00488265 0.00500816 0.00511299 0.00521602 0.00521951 0.00515036 0.00511459 0.00502675 0.00500779 0.00517212 0.00501323 0.00503301 0.00032438 0.00045094 0.00041824 0.00039367 0.00050283 0.00046373 0.00026717 0.00049199 0.00521800 0.00605822 0.00570437 0.00568674 0.00615975 0.00500950 0.00512078 0.00503249 0.00521118 0.00519839 0.00478380 0.00511235 0.00505668 0.00487595 0.00512358 0.00500454 0.00474240 0.00567439 
9547       0.00046741 0.00444006 0.00443511 0.00445457 0.00051253 0.00042657 0.00055883 0.00055006 0.00032009 0.00031206 0.00042666 0.00043479 0.00000000 0.00028761 0.00043487 0.00043078 0.00562778 0.00556790 0.00030811 0.00593099 0.00614943 0.00620239 0.00604855 0.00573193 0.00425672 0.00335143 0.00335829 0.00336062 0.00344778 0.00327773 0.00048013 0.00440240 0.00520195 0.00498829 0.00523213 0.00509340 0.00486563 0.00508764 0.00513700 0.00541858 0.00556293 0.00556101 0.00572506 0.00570751 0.00521849 0.00511952 0.00528719 0.00489399 0.00513176 0.00515105 0.00515698 0.00513359 0.00497660 0.00509263 0.00499866 0.00509404 0.00509975 0.00484674 0.00520380 0.00517057 0.00522105 0.00515706 0.00506136 0.00503710 0.00512112 0.00503347 0.00509385 0.00497447 0.00506236 0.00484758 0.00499221 0.00508169 0.00519494 0.00518409 0.00512467 0.00507917 0.00502084 0.00500148 0.00511957 0.00500206 0.00496554 0.00056219 0.00056664 0.00048842 0.00049632 0.00032998 0.00036103 0.00045545 0.00036940 0.00512135 0.00603378 0.00566149 0.00565392 0.00614072 0.00499391 0.00511939 0.00502039 0.00520976 0.00521689 0.00479639 0.00511608 0.00506076 0.00487918 0.00509901 0.00494970 0.00472087 0.00559560 
9572       0.00044720 0.00432579 0.00434348 0.00435835 0.00049628 0.00041419 0.00054680 0.00055855 0.00032448 0.00034493 0.00041413 0.00043481 0.00028761 0.00000000 0.00041459 0.00040218 0.00558321 0.00551252 0.00028366 0.00580915 0.00601241 0.00608165 0.00594157 0.00561069 0.00417100 0.00329926 0.00329318 0.00328711 0.00338809 0.00322682 0.00051302 0.00431587 0.00512971 0.00491584 0.00514912 0.00502078 0.00482293 0.00501106 0.00505574 0.00536906 0.00549054 0.00552981 0.00566908 0.00564674 0.00512984 0.00503519 0.00518296 0.00480017 0.00503741 0.00507083 0.00507188 0.00503949 0.00488215 0.00500273 0.00492851 0.00501904 0.00501474 0.00481800 0.00513613 0.00513210 0.00515803 0.00509964 0.00499371 0.00496949 0.00504906 0.00496312 0.00502282 0.00490896 0.00498673 0.00478635 0.00493129 0.00501135 0.00511425 0.00510824 0.00505414 0.00500346 0.00495534 0.00492650 0.00505753 0.00491755 0.00491636 0.00051308 0.00054183 0.00048029 0.00046826 0.00035078 0.00035736 0.00036133 0.00027147 0.00504912 0.00594246 0.00562222 0.00560486 0.00606910 0.00492342 0.00504327 0.00496478 0.00511470 0.00511225 0.00471349 0.00504473 0.00498075 0.00481852 0.00502762 0.00490369 0.00465626 0.00551791 
9628       0.00044706 0.00455767 0.00456525 0.00459954 0.00050022 0.00040186 0.00034904 0.00037736 0.00046792 0.00046360 0.00046335 0.00044714 0.00043487 0.00041459 0.00000000 0.00034052 0.00580004 0.00574985 0.00038179 0.00600809 0.00624340 0.00627419 0.00615028 0.00586436 0.00439104 0.00347729 0.00347927 0.00347369 0.00356465 0.00344027 0.00058290 0.00454686 0.00539348 0.00517670 0.00539786 0.00529317 0.00502516 0.00527298 0.00532784 0.00558532 0.00573157 0.00574216 0.00592331 0.00589032 0.00534430 0.00525437 0.00541833 0.00503266 0.00527044 0.00530118 0.00530114 0.00526397 0.00512048 0.00522674 0.00514610 0.00523817 0.00525656 0.00506415 0.00540447 0.00539554 0.00541113 0.00537741 0.00516798 0.00513411 0.00521390 0.00518196 0.00525221 0.00513714 0.00520103 0.00502367 0.00514075 0.00523530 0.00532968 0.00534251 0.00528354 0.00523823 0.00515948 0.00514064 0.00529411 0.00513083 0.00514511 0.00048819 0.00046787 0.00029572 0.00032428 0.00044948 0.00047980 0.00042246 0.00044718 0.00524292 0.00613548 0.00585892 0.00583680 0.00624834 0.00514213 0.00526349 0.00515930 0.00533970 0.00533199 0.00493522 0.00526455 0.00520432 0.00501733 0.00524266 0.00508289 0.00482928 0.00577873 
12865      0.00036505 0.00452507 0.00452386 0.00451468 0.00032822 0.00031594 0.00036925 0.00042199 0.00047578 0.00045942 0.00032414 0.00035670 0.00043078 0.00040218 0.00034052 0.00000000 0.00572504 0.00566962 0.00042242 0.00597119 0.00615518 0.00622305 0.00607862 0.00573705 0.00434413 0.00336776 0.00335653 0.00334547 0.00343779 0.00328983 0.00066140 0.00448152 0.00532367 0.00512766 0.00534305 0.00523423 0.00500026 0.00521827 0.00525264 0.00553825 0.00566033 0.00566671 0.00582206 0.00582446 0.00527523 0.00516459 0.00530920 0.00490181 0.00519670 0.00521195 0.00520217 0.00516536 0.00503695 0.00513846 0.00506773 0.00515888 0.00518158 0.00498554 0.00531540 0.00533074 0.00534235 0.00530779 0.00514511 0.00512549 0.00521027 0.00509338 0.00516334 0.00505355 0.00514116 0.00492564 0.00505701 0.00515651 0.00523610 0.00526338 0.00518020 0.00514409 0.00508457 0.00507576 0.00525056 0.00507145 0.00507566 0.00027924 0.00039779 0.00036086 0.00034065 0.00046998 0.00046767 0.00036090 0.00047549 0.00521515 0.00607990 0.00578427 0.00577214 0.00623290 0.00506298 0.00518895 0.00508018 0.00527034 0.00524785 0.00482908 0.00518527 0.00512507 0.00492930 0.00515419 0.00499054 0.00472963 0.00568292 
15907      0.00577767 0.00518176 0.00520939 0.00513304 0.00577311 0.00578161 0.00587795 0.00587194 0.00566782 0.00569685 0.00574061 0.00563534 0.00562778 0.00558321 0.00580004 0.00572504 0.00000000 0.00006851 0.00557622 0.00692505 0.00716467 0.00725663 0.00706138 0.00673251 0.00485779 0.00606200 0.00616897 0.00610925 0.00618725 0.00602483 0.00581104 0.00512860 0.00538500 0.00522305 0.00545515 0.00528836 0.00519375 0.00538285 0.00538298 0.00573208 0.00581308 0.00004830 0.00009270 0.00004829 0.00460323 0.00459052 0.00467988 0.00432259 0.00456534 0.00456394 0.00457972 0.00455287 0.00439135 0.00455020 0.00443255 0.00448871 0.00532510 0.00511020 0.00548514 0.00544753 0.00544721 0.00543242 0.00524523 0.00524076 0.00532394 0.00445298 0.00449366 0.00439892 0.00451458 0.00430683 0.00441727 0.00451544 0.00459725 0.00462933 0.00451974 0.00449722 0.00444495 0.00441632 0.00536634 0.00440758 0.00525687 0.00575576 0.00576087 0.00576669 0.00578994 0.00511249 0.00567124 0.00567241 0.00570110 0.00535545 0.00714227 0.00004026 0.00006851 0.00718510 0.00441845 0.00449498 0.00442047 0.00463678 0.00461923 0.00424132 0.00458121 0.00447017 0.00429676 0.00453589 0.00434575 0.00515923 0.00587189 
15908      0.00571315 0.00514538 0.00515875 0.00506310 0.00570856 0.00572654 0.00581209 0.00582128 0.00563215 0.00565116 0.00567578 0.00560450 0.00556790 0.00551252 0.00574985 0.00566962 0.00006851 0.00000000 0.00555028 0.00687366 0.00707698 0.00716287 0.00699430 0.00668507 0.00480195 0.00603848 0.00613445 0.00607480 0.00614760 0.00599476 0.00575570 0.00508261 0.00534921 0.00519627 0.00542385 0.00525169 0.00516735 0.00536025 0.00535636 0.00568993 0.00577563 0.00006448 0.00008046 0.00007244 0.00457835 0.00456503 0.00464452 0.00429693 0.00454923 0.00453391 0.00454936 0.00452717 0.00435068 0.00451994 0.00440723 0.00447283 0.00529826 0.00506337 0.00545378 0.00540595 0.00542051 0.00539609 0.00519430 0.00519474 0.00527868 0.00441312 0.00445844 0.00436884 0.00447926 0.00427614 0.00437258 0.00449425 0.00455731 0.00459843 0.00449372 0.00445735 0.00441942 0.00439999 0.00532993 0.00438649 0.00521512 0.00569958 0.00571552 0.00572590 0.00573439 0.00509086 0.00560073 0.00561771 0.00563563 0.00531417 0.00704413 0.00008466 0.00010885 0.00709710 0.00439740 0.00447404 0.00439506 0.00461125 0.00459364 0.00422394 0.00456038 0.00443983 0.00427622 0.00450989 0.00431546 0.00511830 0.00583485 
16175      0.00042270 0.00434189 0.00434985 0.00437940 0.00046746 0.00041031 0.00046388 0.00050473 0.00026294 0.00031203 0.00038987 0.00039795 0.00030811 0.00028366 0.00038179 0.00042242 0.00557622 0.00555028 0.00000000 0.00582912 0.00604780 0.00610636 0.00595194 0.00562005 0.00420014 0.00322283 0.00324823 0.00324639 0.00333787 0.00317664 0.00038951 0.00431286 0.00515216 0.00496171 0.00518079 0.00504827 0.00483998 0.00504696 0.00509139 0.00536120 0.00551258 0.00555723 0.00569235 0.00567986 0.00511351 0.00502393 0.00516728 0.00480345 0.00504086 0.00506565 0.00506557 0.00503362 0.00488631 0.00499221 0.00491738 0.00501265 0.00504912 0.00485427 0.00514363 0.00516391 0.00516081 0.00511190 0.00501032 0.00497660 0.00506090 0.00496206 0.00501789 0.00489746 0.00498091 0.00479066 0.00492061 0.00501048 0.00512738 0.00512689 0.00505312 0.00502172 0.00494924 0.00490587 0.00505991 0.00491595 0.00491471 0.00044736 0.00050923 0.00041865 0.00044743 0.00036315 0.00032041 0.00037779 0.00030004 0.00505560 0.00594139 0.00565954 0.00563245 0.00607333 0.00491254 0.00503255 0.00492516 0.00510917 0.00511533 0.00470605 0.00502533 0.00497924 0.00479378 0.00502718 0.00487423 0.00462723 0.00553549 
27239      0.00597550 0.00578986 0.00581346 0.00581899 0.00601883 0.00602695 0.00600904 0.00607003 0.00590677 0.00598781 0.00594218 0.00593475 0.00593099 0.00580915 0.00600809 0.00597119 0.00692505 0.00687366 0.00582912 0.00000000 0.00030483 0.00033316 0.00030082 0.00043237 0.00557357 0.00639749 0.00644385 0.00649017 0.00652512 0.00623691 0.00610757 0.00580867 0.00652536 0.00631367 0.00659657 0.00641208 0.00626808 0.00651184 0.00643595 0.00675488 0.00693028 0.00683547 0.00701181 0.00700915 0.00653430 0.00647038 0.00661100 0.00618547 0.00647012 0.00650806 0.00647245 0.00645461 0.00624163 0.00639602 0.00633947 0.00641038 0.00639986 0.00608540 0.00658839 0.00655860 0.00656464 0.00656917 0.00624545 0.00622243 0.00632475 0.00634146 0.00644940 0.00634958 0.00637155 0.00617287 0.00634894 0.00647708 0.00654542 0.00653786 0.00645757 0.00642884 0.00637296 0.00634268 0.00651080 0.00630300 0.00627997 0.00597190 0.00600145 0.00598578 0.00601198 0.00533244 0.00594188 0.00586589 0.00593437 0.00633910 0.00063898 0.00699236 0.00693725 0.00066793 0.00632073 0.00643146 0.00636255 0.00655395 0.00651063 0.00593424 0.00648075 0.00638053 0.00613235 0.00643863 0.00627661 0.00583698 0.00695969 
27245      0.00616991 0.00597050 0.00602366 0.00601557 0.00622867 0.00624189 0.00622937 0.00625684 0.00613531 0.00623749 0.00615682 0.00613530 0.00614943 0.00601241 0.00624340 0.00615518 0.00716467 0.00707698 0.00604780 0.00030483 0.00000000 0.00011321 0.00027188 0.00044532 0.00574076 0.00657741 0.00663318 0.00663395 0.00666904 0.00640620 0.00633374 0.00597482 0.00674674 0.00652362 0.00678802 0.00656743 0.00648787 0.00671370 0.00664608 0.00700213 0.00712392 0.00704377 0.00724505 0.00724362 0.00674785 0.00669100 0.00680671 0.00637003 0.00666823 0.00669815 0.00667731 0.00667026 0.00643997 0.00661592 0.00654277 0.00660940 0.00655913 0.00628800 0.00678636 0.00674134 0.00674600 0.00675042 0.00645022 0.00640074 0.00651460 0.00655146 0.00664960 0.00651368 0.00657159 0.00636080 0.00652810 0.00665151 0.00674069 0.00675783 0.00664185 0.00661758 0.00656664 0.00653159 0.00669221 0.00649041 0.00651144 0.00617071 0.00616144 0.00618178 0.00622330 0.00550409 0.00617207 0.00605983 0.00614883 0.00649359 0.00070072 0.00722306 0.00714650 0.00065933 0.00651936 0.00661501 0.00655040 0.00675983 0.00670983 0.00612264 0.00672223 0.00658925 0.00631447 0.00664963 0.00643027 0.00608551 0.00717887 
27254      0.00621120 0.00610891 0.00616297 0.00616414 0.00628629 0.00628946 0.00629148 0.00630824 0.00618323 0.00627415 0.00621934 0.00618193 0.00620239 0.00608165 0.00627419 0.00622305 0.00725663 0.00716287 0.00610636 0.00033316 0.00011321 0.00000000 0.00027191 0.00041216 0.00589289 0.00668749 0.00674389 0.00674903 0.00679477 0.00652654 0.00640083 0.00611358 0.00686702 0.00663421 0.00691818 0.00669743 0.00658601 0.00683305 0.00677167 0.00710053 0.00729780 0.00712900 0.00734759 0.00732489 0.00683192 0.00676910 0.00690006 0.00646398 0.00676268 0.00679713 0.00678217 0.00676268 0.00653917 0.00671400 0.00663164 0.00669826 0.00670377 0.00639129 0.00692115 0.00686103 0.00686536 0.00687029 0.00661008 0.00655051 0.00666479 0.00664026 0.00674840 0.00660236 0.00666562 0.00645494 0.00662661 0.00675039 0.00683978 0.00685763 0.00673559 0.00671150 0.00666037 0.00663001 0.00681120 0.00657901 0.00663054 0.00622857 0.00622425 0.00622775 0.00625497 0.00556985 0.00621450 0.00612278 0.00618156 0.00664848 0.00071329 0.00731934 0.00725794 0.00074249 0.00660805 0.00670399 0.00663916 0.00685889 0.00679956 0.00618925 0.00680019 0.00668305 0.00640239 0.00675844 0.00653956 0.00620813 0.00736417 
27261      0.00607200 0.00587477 0.00593762 0.00588987 0.00614653 0.00614584 0.00616221 0.00619347 0.00602869 0.00610063 0.00605991 0.00604365 0.00604855 0.00594157 0.00615028 0.00607862 0.00706138 0.00699430 0.00595194 0.00030082 0.00027188 0.00027191 0.00000000 0.00034222 0.00563973 0.00650367 0.00653626 0.00658135 0.00662815 0.00635407 0.00625226 0.00588411 0.00665673 0.00641875 0.00670694 0.00647703 0.00636258 0.00661234 0.00655690 0.00691111 0.00706360 0.00696087 0.00716689 0.00713385 0.00668188 0.00660408 0.00674404 0.00630824 0.00659823 0.00664115 0.00660577 0.00657838 0.00638042 0.00653435 0.00647150 0.00653683 0.00649579 0.00621357 0.00666823 0.00661022 0.00662500 0.00665484 0.00636986 0.00634205 0.00643459 0.00646934 0.00659275 0.00643184 0.00649348 0.00628499 0.00646140 0.00657460 0.00665768 0.00668077 0.00657499 0.00657218 0.00646969 0.00644982 0.00658580 0.00642965 0.00641024 0.00607411 0.00610461 0.00610857 0.00615521 0.00546369 0.00605628 0.00599922 0.00603726 0.00641879 0.00063818 0.00711908 0.00707422 0.00071736 0.00646301 0.00654886 0.00648322 0.00667251 0.00662840 0.00609099 0.00663537 0.00651268 0.00625352 0.00658272 0.00638382 0.00598474 0.00712438 
27264      0.00578531 0.00568577 0.00572771 0.00572170 0.00583492 0.00582363 0.00585358 0.00585080 0.00574338 0.00581289 0.00576294 0.00573702 0.00573193 0.00561069 0.00586436 0.00573705 0.00673251 0.00668507 0.00562005 0.00043237 0.00044532 0.00041216 0.00034222 0.00000000 0.00549076 0.00615474 0.00621232 0.00623600 0.00626300 0.00603556 0.00590839 0.00567660 0.00646522 0.00619767 0.00644814 0.00634250 0.00615036 0.00641541 0.00633554 0.00667391 0.00673045 0.00663708 0.00683358 0.00679020 0.00641828 0.00637009 0.00649546 0.00607631 0.00636477 0.00638851 0.00637781 0.00633492 0.00616678 0.00630122 0.00623960 0.00630990 0.00631271 0.00604509 0.00649792 0.00642235 0.00641799 0.00646823 0.00617373 0.00612668 0.00621872 0.00625649 0.00635467 0.00623425 0.00627158 0.00608300 0.00623876 0.00633117 0.00641959 0.00641150 0.00632684 0.00629272 0.00626792 0.00624717 0.00641535 0.00621318 0.00618000 0.00575175 0.00577786 0.00579203 0.00582859 0.00514251 0.00579202 0.00568243 0.00570801 0.00622330 0.00066525 0.00680069 0.00675022 0.00071102 0.00624958 0.00633583 0.00628170 0.00644020 0.00639979 0.00584203 0.00639575 0.00630523 0.00608721 0.00634821 0.00616926 0.00570592 0.00679655 
27646      0.00432371 0.00043249 0.00036623 0.00038293 0.00436816 0.00434116 0.00446829 0.00443787 0.00426597 0.00430128 0.00433036 0.00428743 0.00425672 0.00417100 0.00439104 0.00434413 0.00485779 0.00480195 0.00420014 0.00557357 0.00574076 0.00589289 0.00563973 0.00549076 0.00000000 0.00471726 0.00476732 0.00478549 0.00480836 0.00465013 0.00445402 0.00034189 0.00429855 0.00418953 0.00435531 0.00424502 0.00420290 0.00428135 0.00428220 0.00461903 0.00480165 0.00484153 0.00491885 0.00491122 0.00436913 0.00435752 0.00442083 0.00414179 0.00432652 0.00433462 0.00427861 0.00428094 0.00412701 0.00425013 0.00416562 0.00425474 0.00420710 0.00416889 0.00436172 0.00431515 0.00432144 0.00429868 0.00422038 0.00420136 0.00425450 0.00417571 0.00426350 0.00416506 0.00418950 0.00401735 0.00414095 0.00423747 0.00431974 0.00431421 0.00427552 0.00422992 0.00420681 0.00415433 0.00423829 0.00417013 0.00417559 0.00437062 0.00434637 0.00434746 0.00437291 0.00389195 0.00433102 0.00431688 0.00431613 0.00425550 0.00573279 0.00493564 0.00488900 0.00579207 0.00415616 0.00426464 0.00421614 0.00433486 0.00435182 0.00402231 0.00430441 0.00421752 0.00404776 0.00428651 0.00415359 0.00399348 0.00478750 
27674      0.00340326 0.00492201 0.00499898 0.00495726 0.00345419 0.00344164 0.00350979 0.00343075 0.00330784 0.00336239 0.00330341 0.00339000 0.00335143 0.00329926 0.00347729 0.00336776 0.00606200 0.00603848 0.00322283 0.00639749 0.00657741 0.00668749 0.00650367 0.00615474 0.00471726 0.00000000 0.00017741 0.00019810 0.00028339 0.00025907 0.00340394 0.00491080 0.00573039 0.00556913 0.00572814 0.00567464 0.00542176 0.00565761 0.00570748 0.00604766 0.00614353 0.00604543 0.00617659 0.00613380 0.00583346 0.00573343 0.00589398 0.00545919 0.00575415 0.00577488 0.00574496 0.00572710 0.00555397 0.00568863 0.00564239 0.00570105 0.00561107 0.00538681 0.00577238 0.00572231 0.00571921 0.00568976 0.00557910 0.00552521 0.00563135 0.00562847 0.00571488 0.00559793 0.00567777 0.00546413 0.00560239 0.00572773 0.00581431 0.00580746 0.00574710 0.00570458 0.00565504 0.00561094 0.00568103 0.00563196 0.00550785 0.00342807 0.00333231 0.00344730 0.00341760 0.00306604 0.00339429 0.00335042 0.00332860 0.00563492 0.00657473 0.00616394 0.00608043 0.00666317 0.00562791 0.00573052 0.00563546 0.00580927 0.00582111 0.00529921 0.00573598 0.00567498 0.00547714 0.00572985 0.00552460 0.00520773 0.00616585 
27686      0.00341577 0.00498623 0.00505805 0.00499215 0.00347487 0.00343875 0.00351720 0.00343788 0.00331005 0.00335054 0.00331012 0.00340189 0.00335829 0.00329318 0.00347927 0.00335653 0.00616897 0.00613445 0.00324823 0.00644385 0.00663318 0.00674389 0.00653626 0.00621232 0.00476732 0.00017741 0.00000000 0.00017378 0.00021823 0.00022674 0.00342019 0.00495092 0.00580422 0.00561838 0.00582267 0.00572811 0.00550631 0.00572224 0.00577084 0.00611677 0.00616539 0.00612663 0.00625329 0.00623143 0.00585994 0.00576462 0.00589980 0.00546588 0.00579067 0.00579629 0.00578143 0.00576379 0.00557567 0.00573042 0.00566961 0.00574314 0.00565992 0.00544022 0.00582102 0.00578071 0.00578196 0.00577352 0.00559045 0.00553145 0.00564294 0.00567066 0.00575148 0.00564991 0.00571014 0.00550017 0.00562814 0.00576373 0.00585533 0.00584959 0.00578354 0.00574655 0.00568682 0.00565303 0.00573342 0.00565366 0.00556674 0.00345829 0.00340391 0.00344952 0.00342955 0.00305036 0.00342066 0.00338577 0.00330438 0.00565081 0.00663270 0.00626088 0.00619775 0.00671087 0.00565506 0.00577278 0.00566768 0.00583048 0.00584127 0.00530930 0.00578344 0.00570267 0.00550383 0.00576633 0.00557094 0.00525053 0.00619356 
27746      0.00339523 0.00500620 0.00505416 0.00501786 0.00345495 0.00344634 0.00350589 0.00342204 0.00331278 0.00335867 0.00330863 0.00341864 0.00336062 0.00328711 0.00347369 0.00334547 0.00610925 0.00607480 0.00324639 0.00649017 0.00663395 0.00674903 0.00658135 0.00623600 0.00478549 0.00019810 0.00017378 0.00000000 0.00026731 0.00026335 0.00341873 0.00497538 0.00576115 0.00559488 0.00576845 0.00568023 0.00547618 0.00569308 0.00574265 0.00610402 0.00619364 0.00608162 0.00620366 0.00616551 0.00587521 0.00577985 0.00591995 0.00550969 0.00580036 0.00582655 0.00579155 0.00576859 0.00560529 0.00573964 0.00569377 0.00576229 0.00563652 0.00543613 0.00578842 0.00573271 0.00575448 0.00572130 0.00558629 0.00552243 0.00563870 0.00567972 0.00575118 0.00563941 0.00573382 0.00551937 0.00563329 0.00577370 0.00586586 0.00586445 0.00578860 0.00575102 0.00570645 0.00565733 0.00570598 0.00566836 0.00552877 0.00345141 0.00337440 0.00342544 0.00340504 0.00305733 0.00342334 0.00336540 0.00329783 0.00564684 0.00662875 0.00619597 0.00612776 0.00672669 0.00567418 0.00577737 0.00567210 0.00585054 0.00585738 0.00533303 0.00578261 0.00572630 0.00550354 0.00577078 0.00560460 0.00525802 0.00621673 
27839      0.00351923 0.00505164 0.00510958 0.00507337 0.00353257 0.00352019 0.00357530 0.00352837 0.00341362 0.00345913 0.00338652 0.00348716 0.00344778 0.00338809 0.00356465 0.00343779 0.00618725 0.00614760 0.00333787 0.00652512 0.00666904 0.00679477 0.00662815 0.00626300 0.00480836 0.00028339 0.00021823 0.00026731 0.00000000 0.00013333 0.00351495 0.00499744 0.00584247 0.00566102 0.00583989 0.00577686 0.00553790 0.00576482 0.00582455 0.00615461 0.00626176 0.00616071 0.00627268 0.00624971 0.00590709 0.00581685 0.00596699 0.00553297 0.00583264 0.00584854 0.00582388 0.00582100 0.00564703 0.00577254 0.00572105 0.00578014 0.00569808 0.00549750 0.00584917 0.00580913 0.00581020 0.00579679 0.00564771 0.00557873 0.00568965 0.00571230 0.00579323 0.00568624 0.00576168 0.00554707 0.00568494 0.00579630 0.00588795 0.00589695 0.00582539 0.00578346 0.00573872 0.00569452 0.00575190 0.00571042 0.00559949 0.00349719 0.00344397 0.00354020 0.00350112 0.00312566 0.00347749 0.00344789 0.00341293 0.00571309 0.00668922 0.00627949 0.00620072 0.00677683 0.00571634 0.00581435 0.00571433 0.00587780 0.00588922 0.00536122 0.00582595 0.00576419 0.00555055 0.00580822 0.00561263 0.00529655 0.00627881 
27852      0.00334396 0.00484218 0.00491782 0.00486242 0.00340288 0.00334889 0.00345871 0.00337905 0.00327043 0.00331088 0.00324808 0.00334370 0.00327773 0.00322682 0.00344027 0.00328983 0.00602483 0.00599476 0.00317664 0.00623691 0.00640620 0.00652654 0.00635407 0.00603556 0.00465013 0.00025907 0.00022674 0.00026335 0.00013333 0.00000000 0.00333353 0.00482611 0.00569130 0.00549100 0.00570405 0.00562572 0.00541181 0.00561831 0.00566256 0.00593770 0.00607302 0.00599247 0.00609930 0.00608152 0.00573312 0.00562821 0.00577363 0.00534455 0.00564446 0.00568350 0.00565020 0.00563241 0.00545755 0.00559869 0.00553822 0.00557192 0.00558159 0.00534634 0.00571800 0.00567359 0.00566573 0.00563624 0.00545834 0.00541448 0.00552055 0.00553392 0.00561937 0.00551756 0.00557337 0.00539400 0.00552118 0.00561782 0.00571390 0.00572315 0.00565227 0.00560469 0.00556114 0.00552112 0.00564697 0.00554149 0.00545324 0.00336293 0.00328616 0.00339198 0.00338473 0.00305986 0.00334877 0.00328721 0.00326034 0.00553377 0.00642076 0.00611678 0.00603333 0.00652391 0.00553790 0.00566572 0.00554964 0.00571523 0.00571018 0.00527543 0.00565750 0.00559611 0.00537338 0.00564512 0.00546405 0.00509881 0.00609504 
27884      0.00057881 0.00463428 0.00462324 0.00465802 0.00068215 0.00063230 0.00070388 0.00064141 0.00043895 0.00046758 0.00053357 0.00064107 0.00048013 0.00051302 0.00058290 0.00066140 0.00581104 0.00575570 0.00038951 0.00610757 0.00633374 0.00640083 0.00625226 0.00590839 0.00445402 0.00340394 0.00342019 0.00341873 0.00351495 0.00333353 0.00000000 0.00459556 0.00540276 0.00519143 0.00541176 0.00528278 0.00509293 0.00528646 0.00534128 0.00562437 0.00578017 0.00576797 0.00593261 0.00589091 0.00536697 0.00529310 0.00543133 0.00506038 0.00528461 0.00529927 0.00532406 0.00529254 0.00514805 0.00526070 0.00515064 0.00523705 0.00529424 0.00507810 0.00539921 0.00539389 0.00541098 0.00535212 0.00521406 0.00519971 0.00527531 0.00518130 0.00525113 0.00514076 0.00521498 0.00501321 0.00516329 0.00524847 0.00535711 0.00534202 0.00528220 0.00524124 0.00516361 0.00514408 0.00530981 0.00513978 0.00516372 0.00063666 0.00071601 0.00060377 0.00057528 0.00051575 0.00047582 0.00055024 0.00049657 0.00527561 0.00623534 0.00586137 0.00583871 0.00631894 0.00514582 0.00525699 0.00516293 0.00535759 0.00536489 0.00495930 0.00528849 0.00520356 0.00500684 0.00525588 0.00509611 0.00488117 0.00580872 
29529      0.00448987 0.00045963 0.00035745 0.00039843 0.00450897 0.00447366 0.00460265 0.00458966 0.00440289 0.00445375 0.00446149 0.00442861 0.00440240 0.00431587 0.00454686 0.00448152 0.00512860 0.00508261 0.00431286 0.00580867 0.00597482 0.00611358 0.00588411 0.00567660 0.00034189 0.00491080 0.00495092 0.00497538 0.00499744 0.00482611 0.00459556 0.00000000 0.00461370 0.00445543 0.00460350 0.00451727 0.00438177 0.00452968 0.00454979 0.00488237 0.00500898 0.00509986 0.00520061 0.00520146 0.00457533 0.00455454 0.00463263 0.00432105 0.00454732 0.00452695 0.00450505 0.00449698 0.00432039 0.00444228 0.00438177 0.00445750 0.00446070 0.00433287 0.00460684 0.00458728 0.00460423 0.00456569 0.00444434 0.00442037 0.00448808 0.00439213 0.00445202 0.00434366 0.00441519 0.00421446 0.00435654 0.00445931 0.00454629 0.00454010 0.00448724 0.00443193 0.00439881 0.00436143 0.00452370 0.00435309 0.00438468 0.00452286 0.00451192 0.00451233 0.00454381 0.00401295 0.00447794 0.00444486 0.00443881 0.00447930 0.00597121 0.00520226 0.00517847 0.00603340 0.00434840 0.00445763 0.00438947 0.00455531 0.00456775 0.00420760 0.00451179 0.00440981 0.00425018 0.00447900 0.00435041 0.00417209 0.00500387 
32006      0.00535103 0.00461153 0.00461106 0.00454487 0.00537741 0.00533055 0.00544003 0.00541465 0.00528169 0.00525599 0.00530923 0.00527983 0.00520195 0.00512971 0.00539348 0.00532367 0.00538500 0.00534921 0.00515216 0.00652536 0.00674674 0.00686702 0.00665673 0.00646522 0.00429855 0.00573039 0.00580422 0.00576115 0.00584247 0.00569130 0.00540276 0.00461370 0.00000000 0.00033688 0.00048047 0.00048033 0.00037441 0.00039401 0.00038601 0.00169126 0.00417593 0.00535132 0.00546180 0.00546467 0.00500534 0.00495449 0.00505349 0.00464337 0.00495172 0.00493768 0.00493702 0.00489634 0.00479163 0.00492700 0.00477542 0.00484276 0.00048455 0.00040410 0.00039827 0.00044340 0.00046785 0.00040641 0.00486879 0.00486402 0.00491389 0.00478657 0.00487085 0.00475119 0.00478643 0.00462012 0.00476018 0.00486862 0.00495603 0.00496428 0.00488651 0.00483184 0.00478792 0.00476423 0.00043518 0.00477955 0.00124903 0.00533640 0.00536488 0.00535539 0.00541930 0.00477194 0.00526220 0.00527303 0.00525067 0.00493377 0.00670940 0.00544350 0.00543068 0.00679242 0.00476592 0.00486685 0.00478400 0.00497485 0.00499209 0.00456207 0.00495051 0.00481301 0.00465229 0.00489393 0.00471642 0.00473767 0.00420968 
